Bottle 0.049676027 0.0929003 0.099352054 0.1858006
Bottle 0.5 0.11404834 1.0 0.22809668
Bottle 0.48920085 0.37311178 0.9784017 0.25679756000000004
Bottle 0.33261338 0.383685795 0.66522676 0.23564953000000005
Bottle 0.507559384 0.6933534800000001 0.9330453320000001 0.32930516
Bottle 0.529157663 0.940332325 0.8250539939999999 0.11933534999999995
Bottle 0.39848812499999997 0.129154075 0.10151185000000001 0.15256797
Bottle 0.50539957 0.9418428999999999 0.25485959999999996 0.11631420000000003
Bottle 0.498920095 0.133685803 0.08639309000000006 0.164652574
Bottle 0.7386609 0.70694865 0.475162 0.30815709999999996
Bottle 0.6025918 0.10800604 0.10799139999999996 0.20090634000000002
Tin can 0.234341252 0.673716 0.399568036 0.29909359999999996
Tin can 0.233261345 0.11178247949999999 0.24622031 0.202416921
Tin can 0.241900648 0.944108755 0.250539964 0.10876136999999997
Tin can 0.4287257 0.73489428 0.187905 0.24622356
Tin can 0.799136085 0.358761325 0.3326134300000001 0.25226585
Tin can 0.78509718 0.93731117 0.30021595999999995 0.12235653999999996
Tin can 0.817494605 0.112537765 0.36069112999999997 0.22507553
Convenience store 0.498920085 0.49924472 0.99784017 0.99848944
Juice 0.5 0.5 1.0 1.0
Juice 0.047516197 0.104984891 0.095032394 0.170694858
Juice 0.236501085 0.39879153 0.47300217 0.20543806000000003
Juice 0.505399565 0.12839879 0.28941687 0.19637462
Juice 0.56587475 0.418429 0.19438449999999996 0.163142
Juice 0.74298055 0.7530211499999999 0.47084230000000005 0.21601210000000004
Shelf 0.498920085 0.216767375 0.99784017 0.10725075
Shelf 0.49892007085 0.49999998999999995 0.9848811783 0.04531721999999999
Shelf 0.49892006349999996 0.8383685949999999 0.946004273 0.09667671
