Tin can 0.5 0.5125 1.0 0.8468749999999999
Snack 0.042708335 0.23125 0.08541667 0.275
Snack 0.044791665 0.49453125 0.08958333 0.23906249999999996
Snack 0.048958335 0.7703125 0.09791667 0.28437499999999993
Snack 0.09999999999999999 0.30625 0.07083334 0.146875
Snack 0.38437498800000003 0.75859375 0.602083304 0.34843750000000007
Snack 0.32708335 0.4828125 0.45416670000000003 0.19375000000000003
Snack 0.32187501999999996 0.30546875 0.37708336 0.17343750000000002
Snack 0.623958325 0.30546875 0.21458334999999995 0.1703125
Snack 0.630208325 0.48671875 0.14791664999999998 0.18593750000000003
Snack 0.84062499 0.7562500000000001 0.3145833 0.30625
Snack 0.84791667 0.51484375 0.2999999400000001 0.2546875
Snack 0.85729164 0.25703125 0.28125 0.2703125
